%YAML:1.0
type: camera-parameters
version: "2"
image-width: 640
image-height: 480
error: 1.1655812337832117e-01
camera-matrix: !!opencv-matrix
   rows: 3
   cols: 3
   dt: d
   data: [ 1.0772321251557682e+03, 0., 2.7306347770129594e+02, 0.,
       1.0805422001589877e+03, 2.3226574918290046e+02, 0., 0., 1. ]
distortion-coefficients: !!opencv-matrix
   rows: 1
   cols: 5
   dt: d
   data: [ -4.7674355682597747e-01, 1.1913826410382173e+00,
       3.0882879633388071e-03, -1.6783889980570034e-03,
       -6.7655761887856984e+00 ]
