SSE:  0.263157894737
[[46 11]
 [ 9 10]]
73.6842105263
[[   0.          121.79147308  317.13090983 ...,   47.76869947
    40.50383962  516.87279959]
 [ 121.79147308    0.          201.31629363 ...,  127.8641526   122.60685333
   404.3911603 ]
 [ 317.13090983  201.31629363    0.         ...,  318.08220777
   315.16169019  207.85177657]
 ..., 
 [  47.76869947  127.8641526   318.08220777 ...,    0.           18.31293862
   518.17604522]
 [  40.50383962  122.60685333  315.16169019 ...,   18.31293862    0.
   516.5406954 ]
 [ 516.87279959  404.3911603   207.85177657 ...,  518.17604522  516.5406954
     0.        ]]
[[ 1.  1.  0. ...,  1.  1.  0.]
 [ 1.  1.  0. ...,  1.  1.  0.]
 [ 0.  0.  1. ...,  0.  0.  1.]
 ..., 
 [ 1.  1.  0. ...,  1.  1.  0.]
 [ 1.  1.  0. ...,  1.  1.  0.]
 [ 0.  0.  1. ...,  0.  0.  1.]]
