SSE:  2.14285714286
[[0 2 0 2 0 0 0]
 [0 9 2 1 0 0 0]
 [0 1 0 0 0 0 0]
 [0 0 0 0 0 0 0]
 [0 0 0 0 0 1 0]
 [0 0 0 0 0 0 0]
 [0 0 0 1 2 0 0]]
42.8571428571
[[ 0.          0.67882449  6.45792901  2.8073666   0.81939003  1.05626801
   3.52226078  0.77846122  0.93069878  7.20039566  4.71351267  2.24557344
   2.21977652  0.90016672  0.84475073  1.05138073  0.63937473  1.89689693
   5.49496134  1.16060495  1.16340186]
 [ 0.67882449  0.          6.51488083  2.74388752  0.72388071  1.12210051
   3.60964523  0.46043466  0.48104196  7.27774228  4.29227214  2.08753534
   2.13026281  0.51701225  0.43497137  1.21696675  0.38471218  2.16523315
   5.12341724  0.61903158  0.87709755]
 [ 6.45792901  6.51488083  0.          4.1541446   6.47977197  6.18010755
   5.69683291  6.74208185  6.67312923  2.22099282  6.3544053   5.24757495
   4.74040257  6.82354395  6.53198879  6.24354323  6.74655794  6.20072632
   7.98116793  6.73835869  6.52380088]
 [ 2.8073666   2.74388752  4.1541446   0.          2.96494626  2.77189494
   2.89965577  2.87546805  2.98498073  5.27347624  3.50812143  2.49561729
   1.07549989  3.11855884  2.74392448  2.6102303   3.0538674   3.24790739
   4.86145093  2.96633134  2.68265199]
 [ 0.81939003  0.72388071  6.47977197  2.96494626  0.          1.10431048
   4.10303783  1.04890532  0.49152865  7.23499097  4.66602638  1.72284649
   2.42057986  0.62153059  0.68673466  1.64292455  0.55497748  2.27147894
   5.44455692  0.7776918   1.24382659]
 [ 1.05626801  1.12210051  6.18010755  2.77189494  1.10431048  0.
   3.4509723   1.3195105   1.21363243  6.66221968  4.30294174  1.82808679
   1.94846139  1.16713463  1.41855968  1.13441618  1.12325487  1.34205357
   5.40485902  1.49549712  1.92177306]
 [ 3.52226078  3.60964523  5.69683291  2.89965577  4.10303783  3.4509723
   0.          3.4591235   4.00868127  6.06776137  4.32008503  4.4463826
   2.39947978  3.94243888  3.85825642  2.58745269  3.84930111  2.88334877
   5.60531153  4.08070371  3.83601915]
 [ 0.77846122  0.46043466  6.74208185  2.87546805  1.04890532  1.3195105
   3.4591235   0.          0.74605684  7.4984216   4.29238861  2.46061025
   2.23817276  0.65138394  0.65115308  1.11535044  0.57323863  2.1955481
   4.98315193  0.80087474  0.98066322]
 [ 0.93069878  0.48104196  6.67312923  2.98498073  0.49152865  1.21363243
   4.00868127  0.74605684  0.          7.43363351  4.39083144  1.94051555
   2.40133518  0.27331303  0.45607257  1.5904725   0.38729895  2.38248236
   5.13201722  0.34814109  1.07633742]
 [ 7.20039566  7.27774228  2.22099282  5.27347624  7.23499097  6.66221968
   6.06776137  7.4984216   7.43363351  0.          6.92663881  5.9809942
   5.46566101  7.5327289   7.40303586  6.80360752  7.47413495  6.3632721
   8.8369955   7.56630294  7.52946482]
 [ 4.71351267  4.29227214  6.3544053   3.50812143  4.66602638  4.30294174
   4.32008503  4.29238861  4.39083144  6.92663881  0.          4.31182127
   3.30838583  4.44426607  4.36041287  4.30093086  4.56727515  4.86280072
   2.62537673  4.25379835  4.45754422]
 [ 2.24557344  2.08753534  5.24757495  2.49561729  1.72284649  1.82808679
   4.4463826   2.46061025  1.94051555  5.9809942   4.31182127  0.
   2.19203242  2.12548828  2.049001    2.63309719  2.16527135  2.83954494
   5.54919814  2.0454352   2.42485158]
 [ 2.21977652  2.13026281  4.74040257  1.07549989  2.42057986  1.94846139
   2.39947978  2.23817276  2.40133518  5.46566101  3.30838583  2.19203242
   0.          2.47194455  2.27139219  1.76850291  2.42627422  2.30538546
   4.77325943  2.45145315  2.37514687]
 [ 0.90016672  0.51701225  6.82354395  3.11855884  0.62153059  1.16713463
   3.94243888  0.65138394  0.27331303  7.5327289   4.44426607  2.12548828
   2.47194455  0.          0.61310893  1.48596851  0.31320971  2.26268006
   5.16289653  0.51604515  1.20739497]
 [ 0.84475073  0.43497137  6.53198879  2.74392448  0.68673466  1.41855968
   3.85825642  0.65115308  0.45607257  7.40303586  4.36041287  2.049001
   2.27139219  0.61310893  0.          1.54874463  0.55064027  2.5227442
   5.04828739  0.42895221  0.66068147]
 [ 1.05138073  1.21696675  6.24354323  2.6102303   1.64292455  1.13441618
   2.58745269  1.11535044  1.5904725   6.80360752  4.30093086  2.63309719
   1.76850291  1.48596851  1.54874463  0.          1.34521409  1.3064491
   5.28037883  1.7737559   1.76751522]
 [ 0.63937473  0.38471218  6.74655794  3.0538674   0.55497748  1.12325487
   3.84930111  0.57323863  0.38729895  7.47413495  4.56727515  2.16527135
   2.42627422  0.31320971  0.55064027  1.34521409  0.          2.16203981
   5.29966037  0.65314987  1.07354776]
 [ 1.89689693  2.16523315  6.20072632  3.24790739  2.27147894  1.34205357
   2.88334877  2.1955481   2.38248236  6.3632721   4.86280072  2.83954494
   2.30538546  2.26268006  2.5227442   1.3064491   2.16203981  0.
   6.10162393  2.66725298  2.88505434]
 [ 5.49496134  5.12341724  7.98116793  4.86145093  5.44455692  5.40485902
   5.60531153  4.98315193  5.13201722  8.8369955   2.62537673  5.54919814
   4.77325943  5.16289653  5.04828739  5.28037883  5.29966037  6.10162393
   0.          4.93120732  5.09157203]
 [ 1.16060495  0.61903158  6.73835869  2.96633134  0.7776918   1.49549712
   4.08070371  0.80087474  0.34814109  7.56630294  4.25379835  2.0454352
   2.45145315  0.51604515  0.42895221  1.7737559   0.65314987  2.66725298
   4.93120732  0.          0.95482983]
 [ 1.16340186  0.87709755  6.52380088  2.68265199  1.24382659  1.92177306
   3.83601915  0.98066322  1.07633742  7.52946482  4.45754422  2.42485158
   2.37514687  1.20739497  0.66068147  1.76751522  1.07354776  2.88505434
   5.09157203  0.95482983  0.        ]]
[[ 1.  1.  0.  0.  1.  1.  0.  1.  1.  0.  0.  1.  0.  1.  1.  0.  1.  0.
   0.  1.  1.]
 [ 1.  1.  0.  0.  1.  1.  0.  1.  1.  0.  0.  1.  0.  1.  1.  0.  1.  0.
   0.  1.  1.]
 [ 0.  0.  1.  0.  0.  0.  0.  0.  0.  1.  0.  0.  0.  0.  0.  0.  0.  0.
   0.  0.  0.]
 [ 0.  0.  0.  1.  0.  0.  0.  0.  0.  0.  0.  0.  0.  0.  0.  0.  0.  0.
   0.  0.  0.]
 [ 1.  1.  0.  0.  1.  1.  0.  1.  1.  0.  0.  1.  0.  1.  1.  0.  1.  0.
   0.  1.  1.]
 [ 1.  1.  0.  0.  1.  1.  0.  1.  1.  0.  0.  1.  0.  1.  1.  0.  1.  0.
   0.  1.  1.]
 [ 0.  0.  0.  0.  0.  0.  1.  0.  0.  0.  0.  0.  1.  0.  0.  1.  0.  1.
   0.  0.  0.]
 [ 1.  1.  0.  0.  1.  1.  0.  1.  1.  0.  0.  1.  0.  1.  1.  0.  1.  0.
   0.  1.  1.]
 [ 1.  1.  0.  0.  1.  1.  0.  1.  1.  0.  0.  1.  0.  1.  1.  0.  1.  0.
   0.  1.  1.]
 [ 0.  0.  1.  0.  0.  0.  0.  0.  0.  1.  0.  0.  0.  0.  0.  0.  0.  0.
   0.  0.  0.]
 [ 0.  0.  0.  0.  0.  0.  0.  0.  0.  0.  1.  0.  0.  0.  0.  0.  0.  0.
   1.  0.  0.]
 [ 1.  1.  0.  0.  1.  1.  0.  1.  1.  0.  0.  1.  0.  1.  1.  0.  1.  0.
   0.  1.  1.]
 [ 0.  0.  0.  0.  0.  0.  1.  0.  0.  0.  0.  0.  1.  0.  0.  1.  0.  1.
   0.  0.  0.]
 [ 1.  1.  0.  0.  1.  1.  0.  1.  1.  0.  0.  1.  0.  1.  1.  0.  1.  0.
   0.  1.  1.]
 [ 1.  1.  0.  0.  1.  1.  0.  1.  1.  0.  0.  1.  0.  1.  1.  0.  1.  0.
   0.  1.  1.]
 [ 0.  0.  0.  0.  0.  0.  1.  0.  0.  0.  0.  0.  1.  0.  0.  1.  0.  1.
   0.  0.  0.]
 [ 1.  1.  0.  0.  1.  1.  0.  1.  1.  0.  0.  1.  0.  1.  1.  0.  1.  0.
   0.  1.  1.]
 [ 0.  0.  0.  0.  0.  0.  1.  0.  0.  0.  0.  0.  1.  0.  0.  1.  0.  1.
   0.  0.  0.]
 [ 0.  0.  0.  0.  0.  0.  0.  0.  0.  0.  1.  0.  0.  0.  0.  0.  0.  0.
   1.  0.  0.]
 [ 1.  1.  0.  0.  1.  1.  0.  1.  1.  0.  0.  1.  0.  1.  1.  0.  1.  0.
   0.  1.  1.]
 [ 1.  1.  0.  0.  1.  1.  0.  1.  1.  0.  0.  1.  0.  1.  1.  0.  1.  0.
   0.  1.  1.]]
