SSE:  1.95238095238
[[4 2 0 0 0 0 0]
 [8 0 1 0 0 0 0]
 [3 0 0 0 0 0 0]
 [0 0 0 0 0 0 0]
 [0 0 0 1 0 0 0]
 [0 1 0 0 0 0 1]
 [0 0 0 0 0 0 0]]
19.0476190476
[[ 0.          1.14258604  6.19809197  1.52646726  1.10195287  1.52026933
   2.02442591  1.50499223  1.24128984  1.23413967  1.55849619  1.5447655
   1.24482931  4.29690601  6.10695257  1.28689563  1.23612305  1.17809184
   1.50890804  0.96741967  1.26261659]
 [ 1.14258604  0.          6.3645129   0.51341993  0.49819852  2.04096457
   2.06930056  0.51293292  0.57749945  0.66483134  1.51453759  0.62418028
   0.89861172  4.23552834  6.39548284  0.72014252  0.68213018  0.98000272
   0.70306474  0.5907679   0.51235364]
 [ 6.19809197  6.3645129   0.          6.51163775  6.18673092  6.81516108
   5.5834981   6.28502417  6.86666976  6.85415447  7.23297292  6.57902998
   6.78939944  6.19053555  8.83867211  6.89153484  6.82509623  6.97422775
   6.08287127  6.47747303  6.56494901]
 [ 1.52646726  0.51341993  6.51163775  0.          0.57948369  2.52609072
   2.44879646  0.68578427  0.76740136  0.82668038  1.82768227  0.19078969
   0.87687084  4.32308919  6.72409082  0.84876645  0.74168807  1.29769202
   0.48938749  0.93445484  0.90150176]
 [ 1.10195287  0.49819852  6.18673092  0.57948369  0.          2.29100897
   2.33542303  0.79668113  0.81847485  0.91575119  1.79783559  0.6122092
   0.81969517  4.29020985  6.67277872  0.9338099   0.81504601  1.26309183
   0.46097966  0.81535366  0.99764792]
 [ 1.52026933  2.04096457  6.81516108  2.52609072  2.29100897  0.
   2.08847187  2.1955481   1.93948792  2.03708786  1.35856588  2.60578687
   2.37529333  4.88018749  5.56046905  2.06874696  2.18746949  1.62052888
   2.66725298  1.85318964  1.77121779]
 [ 2.02442591  2.06930056  5.5834981   2.44879646  2.33542303  2.08847187
   0.          2.16930937  2.46574533  2.25778693  2.57468588  2.53037574
   2.57749883  3.4118474   4.94782393  2.37924358  2.38023126  2.1776593
   2.4332089   1.93245961  1.83638234]
 [ 1.50499223  0.51293292  6.28502417  0.68578427  0.79668113  2.1955481
   2.16930937  0.          0.82012426  1.10954954  1.54890935  0.8630761
   1.36550421  4.5169016   6.66960962  1.10575924  1.14411569  1.3659076
   0.80087474  1.05891676  0.72374327]
 [ 1.24128984  0.57749945  6.86666976  0.76740136  0.81847485  1.93948792
   2.46574533  0.82012426  0.          0.61862941  1.1830919   0.82698358
   0.88836952  4.63316342  6.54737038  0.59774577  0.65604972  0.81847419
   1.09927542  0.79567584  0.69728044]
 [ 1.23413967  0.66483134  6.85415447  0.82668038  0.91575119  2.03708786
   2.25778693  1.10954954  0.61862941  0.          1.57277353  0.80932072
   0.56665758  4.09068455  6.10003153  0.38652568  0.22203643  0.54918318
   1.16700515  0.45913295  0.67490944]
 [ 1.55849619  1.51453759  7.23297292  1.82768227  1.79783559  1.35856588
   2.57468588  1.54890935  1.1830919   1.57277353  0.          1.90913991
   1.91611849  5.34377385  6.52272384  1.54311596  1.6840764   1.39993098
   2.09029323  1.62450158  1.32902438]
 [ 1.5447655   0.62418028  6.57902998  0.19078969  0.6122092   2.60578687
   2.53037574  0.8630761   0.82698358  0.80932072  1.90913991  0.
   0.76504937  4.28864783  6.73486314  0.84415735  0.68403221  1.31346933
   0.53357417  0.9527867   1.00831653]
 [ 1.24482931  0.89861172  6.78939944  0.87687084  0.81969517  2.37529333
   2.57749883  1.36550421  0.88836952  0.56665758  1.91611849  0.76504937
   0.          4.10287721  6.37967624  0.67074608  0.3635935   0.96400224
   1.07489704  0.73939213  1.15559533]
 [ 4.29690601  4.23552834  6.19053555  4.32308919  4.29020985  4.88018749
   3.4118474   4.5169016   4.63316342  4.09068455  5.34377385  4.28864783
   4.10287721  0.          4.38263504  4.24244069  4.11045016  4.16022873
   4.26431712  3.90065432  4.18040713]
 [ 6.10695257  6.39548284  8.83867211  6.72409082  6.67277872  5.56046905
   4.94782393  6.66960962  6.54737038  6.10003153  6.52272384  6.73486314
   6.37967624  4.38263504  0.          6.23536367  6.24466789  5.80068615
   6.86714673  5.93632508  6.03853102]
 [ 1.28689563  0.72014252  6.89153484  0.84876645  0.9338099   2.06874696
   2.37924358  1.10575924  0.59774577  0.38652568  1.54311596  0.84415735
   0.67074608  4.24244069  6.23536367  0.          0.42673301  0.59966657
   1.18300721  0.54111005  0.76870023]
 [ 1.23612305  0.68213018  6.82509623  0.74168807  0.81504601  2.18746949
   2.38023126  1.14411569  0.65604972  0.22203643  1.6840764   0.68403221
   0.3635935   4.11045016  6.24466789  0.42673301  0.          0.72311901
   1.058207    0.53898216  0.83030208]
 [ 1.17809184  0.98000272  6.97422775  1.29769202  1.26309183  1.62052888
   2.1776593   1.3659076   0.81847419  0.54918318  1.39993098  1.31346933
   0.96400224  4.16022873  5.80068615  0.59966657  0.72311901  0.
   1.59496274  0.5875373   0.78441063]
 [ 1.50890804  0.70306474  6.08287127  0.48938749  0.46097966  2.66725298
   2.4332089   0.80087474  1.09927542  1.16700515  2.09029323  0.53357417
   1.07489704  4.26431712  6.86714673  1.18300721  1.058207    1.59496274
   0.          1.11494736  1.18245809]
 [ 0.96741967  0.5907679   6.47747303  0.93445484  0.81535366  1.85318964
   1.93245961  1.05891676  0.79567584  0.45913295  1.62450158  0.9527867
   0.73939213  3.90065432  5.93632508  0.54111005  0.53898216  0.5875373
   1.11494736  0.          0.6234581 ]
 [ 1.26261659  0.51235364  6.56494901  0.90150176  0.99764792  1.77121779
   1.83638234  0.72374327  0.69728044  0.67490944  1.32902438  1.00831653
   1.15559533  4.18040713  6.03853102  0.76870023  0.83030208  0.78441063
   1.18245809  0.6234581   0.        ]]
[[ 1.  1.  0.  1.  1.  0.  0.  1.  1.  1.  0.  1.  1.  0.  0.  1.  1.  1.  1.  1.  1.]
 [ 1.  1.  0.  1.  1.  0.  0.  1.  1.  1.  0.  1.  1.  0.  0.  1.  1.  1.  1.  1.  1.]
 [ 0.  0.  1.  0.  0.  0.  0.  0.  0.  0.  0.  0.  0.  0.  0.  0.  0.  0.  0.  0.  0.]
 [ 1.  1.  0.  1.  1.  0.  0.  1.  1.  1.  0.  1.  1.  0.  0.  1.  1.  1.  1.  1.  1.]
 [ 1.  1.  0.  1.  1.  0.  0.  1.  1.  1.  0.  1.  1.  0.  0.  1.  1.  1.  1.  1.  1.]
 [ 0.  0.  0.  0.  0.  1.  1.  0.  0.  0.  1.  0.  0.  0.  0.  0.  0.  0.  0.  0.  0.]
 [ 0.  0.  0.  0.  0.  1.  1.  0.  0.  0.  1.  0.  0.  0.  0.  0.  0.  0.  0.  0.  0.]
 [ 1.  1.  0.  1.  1.  0.  0.  1.  1.  1.  0.  1.  1.  0.  0.  1.  1.  1.  1.  1.  1.]
 [ 1.  1.  0.  1.  1.  0.  0.  1.  1.  1.  0.  1.  1.  0.  0.  1.  1.  1.  1.  1.  1.]
 [ 1.  1.  0.  1.  1.  0.  0.  1.  1.  1.  0.  1.  1.  0.  0.  1.  1.  1.  1.  1.  1.]
 [ 0.  0.  0.  0.  0.  1.  1.  0.  0.  0.  1.  0.  0.  0.  0.  0.  0.  0.  0.  0.  0.]
 [ 1.  1.  0.  1.  1.  0.  0.  1.  1.  1.  0.  1.  1.  0.  0.  1.  1.  1.  1.  1.  1.]
 [ 1.  1.  0.  1.  1.  0.  0.  1.  1.  1.  0.  1.  1.  0.  0.  1.  1.  1.  1.  1.  1.]
 [ 0.  0.  0.  0.  0.  0.  0.  0.  0.  0.  0.  0.  0.  1.  0.  0.  0.  0.  0.  0.  0.]
 [ 0.  0.  0.  0.  0.  0.  0.  0.  0.  0.  0.  0.  0.  0.  1.  0.  0.  0.  0.  0.  0.]
 [ 1.  1.  0.  1.  1.  0.  0.  1.  1.  1.  0.  1.  1.  0.  0.  1.  1.  1.  1.  1.  1.]
 [ 1.  1.  0.  1.  1.  0.  0.  1.  1.  1.  0.  1.  1.  0.  0.  1.  1.  1.  1.  1.  1.]
 [ 1.  1.  0.  1.  1.  0.  0.  1.  1.  1.  0.  1.  1.  0.  0.  1.  1.  1.  1.  1.  1.]
 [ 1.  1.  0.  1.  1.  0.  0.  1.  1.  1.  0.  1.  1.  0.  0.  1.  1.  1.  1.  1.  1.]
 [ 1.  1.  0.  1.  1.  0.  0.  1.  1.  1.  0.  1.  1.  0.  0.  1.  1.  1.  1.  1.  1.]
 [ 1.  1.  0.  1.  1.  0.  0.  1.  1.  1.  0.  1.  1.  0.  0.  1.  1.  1.  1.  1.  1.]]
