SSE:  0.2
[[ 8  3]
 [ 4 20]]
80.0
[[ 0.          4.87171676  2.02918986 ...,  2.55650049  3.07583868
   3.79959268]
 [ 4.87171676  0.          5.7126534  ...,  4.34456473  4.720758
   5.31148212]
 [ 2.02918986  5.7126534   0.         ...,  3.04146093  3.15461793
   5.12665257]
 ..., 
 [ 2.55650049  4.34456473  3.04146093 ...,  0.          0.78965491
   4.41105466]
 [ 3.07583868  4.720758    3.15461793 ...,  0.78965491  0.          4.87088664]
 [ 3.79959268  5.31148212  5.12665257 ...,  4.41105466  4.87088664  0.        ]]
[[ 1.  0.  1. ...,  1.  1.  0.]
 [ 0.  1.  0. ...,  0.  0.  1.]
 [ 1.  0.  1. ...,  1.  1.  0.]
 ..., 
 [ 1.  0.  1. ...,  1.  1.  0.]
 [ 1.  0.  1. ...,  1.  1.  0.]
 [ 0.  1.  0. ...,  0.  0.  1.]]
