SSE:  0.266666666667
[[9 0 0]
 [0 0 2]
 [0 2 2]]
73.3333333333
[[ 0.          0.42426407  0.9539392   0.6244998   0.47958315  0.46904158
   0.678233    0.2236068   0.42426407  3.95600809  3.48998567  4.4609416
   5.2744668   4.0620192   6.2401923 ]
 [ 0.42426407  0.          0.7         0.2236068   0.33166248  0.74833148
   0.42426407  0.45825757  0.14142136  3.72961124  3.32565783  4.33589668
   5.06951674  3.93954312  5.9849812 ]
 [ 0.9539392   0.7         0.          0.52915026  1.00995049  1.36014705
   0.47958315  1.08627805  0.75498344  3.81051178  3.51425668  4.45084262
   5.07050293  4.09511905  5.90169467]
 [ 0.6244998   0.2236068   0.52915026  0.          0.50990195  0.96436508
   0.33166248  0.678233    0.3         3.67151195  3.30907842  4.31856458
   5.0029991   3.9306488   5.88472599]
 [ 0.47958315  0.33166248  1.00995049  0.50990195  0.          0.55677644
   0.74161985  0.34641016  0.26457513  3.77094153  3.34215499  4.3760713
   5.14684369  3.96862697  6.09179776]
 [ 0.46904158  0.74833148  1.36014705  0.96436508  0.55677644  0.
   1.1045361   0.3         0.678233    4.12674206  3.63042697  4.61302504
   5.48270006  4.20475921  6.49153295]
 [ 0.678233    0.42426407  0.47958315  0.33166248  0.74161985  1.1045361
   0.          0.80622577  0.54772256  3.69459064  3.31360831  4.31045241
   4.98196748  3.92173431  5.84123275]
 [ 0.2236068   0.45825757  1.08627805  0.678233    0.34641016  0.3
   0.80622577  0.          0.41231056  3.96232255  3.49141805  4.48664685
   5.30942558  4.08044115  6.28410694]
 [ 0.42426407  0.14142136  0.75498344  0.3         0.26457513  0.678233
   0.54772256  0.41231056  0.          3.79868398  3.4         4.40681291
   5.14975728  4.01248053  6.07453702]
 [ 3.95600809  3.72961124  3.81051178  3.67151195  3.77094153  4.12674206
   3.69459064  3.96232255  3.79868398  0.          0.83066239  1.24498996
   1.47309199  1.07238053  2.53968502]
 [ 3.48998567  3.32565783  3.51425668  3.30907842  3.34215499  3.63042697
   3.31360831  3.49141805  3.4         0.83066239  0.          1.25698051
   2.00997512  0.81240384  3.15277655]
 [ 4.4609416   4.33589668  4.45084262  4.31856458  4.3760713   4.61302504
   4.31045241  4.48664685  4.40681291  1.24498996  1.25698051  0.
   1.3190906   0.48989795  2.69443872]
 [ 5.2744668   5.06951674  5.07050293  5.0029991   5.14684369  5.48270006
   4.98196748  5.30942558  5.14975728  1.47309199  2.00997512  1.3190906
   0.          1.60623784  1.39283883]
 [ 4.0620192   3.93954312  4.09511905  3.9306488   3.96862697  4.20475921
   3.92173431  4.08044115  4.01248053  1.07238053  0.81240384  0.48989795
   1.60623784  0.          2.92232784]
 [ 6.2401923   5.9849812   5.90169467  5.88472599  6.09179776  6.49153295
   5.84123275  6.28410694  6.07453702  2.53968502  3.15277655  2.69443872
   1.39283883  2.92232784  0.        ]]
[[ 1.  1.  1.  1.  1.  1.  1.  1.  1.  0.  0.  0.  0.  0.  0.]
 [ 1.  1.  1.  1.  1.  1.  1.  1.  1.  0.  0.  0.  0.  0.  0.]
 [ 1.  1.  1.  1.  1.  1.  1.  1.  1.  0.  0.  0.  0.  0.  0.]
 [ 1.  1.  1.  1.  1.  1.  1.  1.  1.  0.  0.  0.  0.  0.  0.]
 [ 1.  1.  1.  1.  1.  1.  1.  1.  1.  0.  0.  0.  0.  0.  0.]
 [ 1.  1.  1.  1.  1.  1.  1.  1.  1.  0.  0.  0.  0.  0.  0.]
 [ 1.  1.  1.  1.  1.  1.  1.  1.  1.  0.  0.  0.  0.  0.  0.]
 [ 1.  1.  1.  1.  1.  1.  1.  1.  1.  0.  0.  0.  0.  0.  0.]
 [ 1.  1.  1.  1.  1.  1.  1.  1.  1.  0.  0.  0.  0.  0.  0.]
 [ 0.  0.  0.  0.  0.  0.  0.  0.  0.  1.  1.  1.  0.  1.  0.]
 [ 0.  0.  0.  0.  0.  0.  0.  0.  0.  1.  1.  1.  0.  1.  0.]
 [ 0.  0.  0.  0.  0.  0.  0.  0.  0.  1.  1.  1.  0.  1.  0.]
 [ 0.  0.  0.  0.  0.  0.  0.  0.  0.  0.  0.  0.  1.  0.  1.]
 [ 0.  0.  0.  0.  0.  0.  0.  0.  0.  1.  1.  1.  0.  1.  0.]
 [ 0.  0.  0.  0.  0.  0.  0.  0.  0.  0.  0.  0.  1.  0.  1.]]
