SSE:  4.03473491773
[[ 23   0 417  47   0]
 [  1   0  29   2   0]
 [  0   2   0   1   3]
 [  0   0  13   0   0]
 [  2   0   4   2   1]]
4.38756855576
[[    0.            12.91881438    14.97659204 ...,  1936.14079113
   2051.22420302    33.07948267]
 [   12.91881438     0.            12.80902096 ...,  1941.68268045
   2056.60069315    27.66854537]
 [   14.97659204    12.80902096     0.         ...,  1950.43628891
   2065.66324113    19.11332585]
 ..., 
 [ 1936.14079113  1941.68268045  1950.43628891 ...,     0.           269.72098933
   1968.23462219]
 [ 2051.22420302  2056.60069315  2065.66324113 ...,   269.72098933     0.
   2083.10827772]
 [   33.07948267    27.66854537    19.11332585 ...,  1968.23462219
   2083.10827772     0.        ]]
[[ 1.  1.  1. ...,  0.  0.  1.]
 [ 1.  1.  1. ...,  0.  0.  1.]
 [ 1.  1.  1. ...,  0.  0.  1.]
 ..., 
 [ 0.  0.  0. ...,  1.  1.  0.]
 [ 0.  0.  0. ...,  1.  1.  0.]
 [ 1.  1.  1. ...,  0.  0.  1.]]
